0000
0003
0006
0009
0012
0015
0018
0021
0024
0027
0030
0033
0036
0039
0042
0045
0048
0051
0054
0057
0060
0063
0066
0069
0072
0075
0078
0081
0084
0087
0090
0093
0096
0099
0102
0105
0108
0111
0114
0117
0120
0123
0126
0129
0132
0135
0138
0141
0144
0147
0150
0153
0156
0159
0162
0165
0168
0171
0174
0177
0180
0183
0186
0189
0192
0195
0198
0201
0204
0207
0210
0213
0216
0219
0222
0225
0228
0231
0234
0237
0240
0243
0246
0249
0252
0255
0258
0261
0264
0267
0270
0273
0276
0279
0282
0285
0288
0291
0294
0297
0300
0303
0306
0309
0312
0315
0318
0321
0324
0327
0330
0333
0336
0339
0342
0345
0348
0351
0354
0357
0360
0363
0366
0369
0372
0375
0378
0381
0384
0387
0390
0393
0396
0399
0402
0405
0408
0411
0414
0417
0420
0423
0426
0429
0432
0435
0438
0441
0444
0447
0450
0453
0456
0459
0462
0465
0468
0471
0474
0477
0480
0483
0486
0489
0492
0495
0498
0501
0504
0507
0510
0513
0516
0519
0522
0525
0528
0531
0534
0537
0540
0543
0546
0549
0552
0555
0558
0561
0564
0567
0570
0573
0576
0579
0582
0585
0588
0591
0594
0597
0600
0603
0606
0609
0612
0615
0618
0621
0624
0627
0630
0633
0636
0639
0642
0645
0648
0651
0654
0657
0660
0663
0666
0669
0672
0675
0678
0681
0684
0687
0690
0693
0696
0699
0702
0705
0708
0711
0714
0717
0720
0723
0726
0729
0732
0735
0738
0741
0744
0747
0750
0753
0756
0759
0762
0765
0768
0771
0774
0777
0780
0783
0786
0789
0792
0795
0798
0801
0804
0807
0810
0813
0816
0819
0822
0825
0828
0831
0834
0837
0840
0843
0846
0849
0852
0855
0858
0861
0864
0867
0870
0873
0876
0879
0882
0885
0888
0891
0894
0897
0900
0903
0906
0909
0912
0915
0918
0921
0924
0927
0930
0933
0936
0939
0942
0945
0948
0951
0954
0957
0960
0963
0966
0969
0972
0975
0978
0981
0984
0987
0990
0993
0996
0999
1002
1005
1008
1011
1014
1017
1020
1023
1026
1029
1032
1035
1038
1041
1044
1047
1050
1053
1056
1059
1062
1065
1068
1071
1074
1077
1080
