0000
0006
0012
0018
0024
0030
0036
0042
0048
0054
0060
0066
0072
0078
0084
0090
0096
0102
0108
0114
0120
0126
0132
0138
0144
0150
0156
0162
0168
0174
0180
0186
0192
0198
0204
0210
0216
0222
0228
0234
0240
0246
0252
0258
0264
0270
0276
0282
0288
0294
0300
0306
0312
0318
0324
0330
0336
0342
0348
0354
0360
0366
0372
0378
0384
0390
0396
0402
0408
0414
0420
0426
0432
0438
0444
0450
0456
0462
0468
0474
0480
0486
0492
0498
0504
0510
0516
0522
0528
0534
0540
0546
0552
0558
0564
0570
0576
0582
0588
0594
0600
0606
0612
0618
0624
0630
0636
0642
0648
0654
0660
0666
0672
0678
0684
0690
0696
0702
0708
0714
0720
0726
0732
0738
0744
0750
0756
0762
0768
0774
0780
0786
0792
0798
0804
0810
0816
0822
0828
0834
0840
0846
0852
0858
0864
0870
0876
0882
0888
0894
0900
0906
0912
0918
0924
0930
0936
0942
0948
0954
0960
0966
0972
0978
0984
0990
0996
1002
1008
1014
1020
1026
1032
1038
1044
1050
1056
1062
1068
1074
1080
